100, 1 100 0 0;
120, 1 120 0 0;
131, 1 131 0 0;
132, 1 132 0 0;
133, 1 133 0 0;
134, 1 134 0 0;
135, 1 135 0 0;
136, 1 136 0 0;
140, 1 140 0 0;
141, 1 141 0 0;
142, 1 142 0 0;
143, 1 143 0 0;
145, 1 145 0 0;
146, 1 146 0 0;
150, 1 150 0 0;
160, 1 160 0 0;
200, 1 200 0 0;
220, 1 220 0 0;
230, 1 230 0 0;
240, 1 240 0 0;
250, 1 250 0 0;
300, 1 300 0 0;
310, 1 310 0 0;
320, 1 320 0 0;
330, 1 330 0 0;
340, 1 340 0 0;
350, 1 350 0 0;
400, 1 400 0 0;
410, 1 410 0 0;
420, 1 420 0 0;
430, 1 430 0 0;
440, 1 440 0 0;
500, 1 500 0 0;
510, 1 510 0 0;
520, 1 520 0 0;
530, 1 530 0 0;
540, 1 540 0 0;
600, 1 600 0 0;
610, 1 610 0 0;
620, 1 620 0 0;
630, 1 630 0 0;
640, 1 640 0 0;
650, 1 650 0 0;
700, 1 700 0 0;
710, 1 710 0 0;
720, 1 720 0 0;
730, 1 730 0 0;
740, 1 740 0 0;
800, 1 800 0 0;
810, 1 810 0 0;
820, 1 820 0 0;
830, 1 830 0 0;
840, 1 840 0 0;
911, 1 911 0 0;
912, 1 912 0 0;
913, 1 913 0 0;
914, 1 914 0 0;
915, 1 915 0 0;
916, 1 916 0 0;
921, 1 921 0 0;
922, 1 922 0 0;
923, 1 923 0 0;
924, 1 924 0 0;
925, 1 925 0 0;
931, 1 931 0 0;
932, 1 932 0 0;
933, 1 933 0 0;
934, 1 934 0 0;
935, 1 935 0 0;
940, 1 940 0 0;
950, 1 950 0 0;
960, 1 960 0 0;
970, 1 970 0 0;
980, 1 980 0 0;
