100, 2 4 100 120 0 0;
120, 2 4 100 131 0 0;
131, 2 4 120 132 0 0;
132, 2 4 131 133 0 0;
133, 2 4 132 134 0 0;
134, 2 4 133 135 0 0;
135, 2 4 134 136 0 0;
136, 2 4 135 140 0 0;
140, 2 4 136 141 0 0;
141, 2 4 140 142 0 0;
142, 2 4 141 143 0 0;
143, 2 4 142 145 0 0;
145, 2 4 143 146 0 0;
146, 2 4 145 150 0 0;
150, 2 4 146 160 0 0;
160, 2 4 150 200 0 0;
200, 2 4 160 220 0 0;
220, 2 4 201 230 0 0;
230, 2 4 220 240 0 0;
240, 2 4 230 250 0 0;
250, 2 4 240 300 0 0;
300, 2 4 250 310 0 0;
310, 2 4 300 320 0 0;
320, 2 4 310 330 0 0;
330, 2 4 320 340 0 0;
340, 2 4 330 350 0 0;
350, 2 4 340 400 0 0;
400, 2 4 350 410 0 0;
410, 2 4 400 420 0 0;
420, 2 4 410 430 0 0;
430, 2 4 420 440 0 0;
440, 2 4 430 500 0 0;
500, 2 4 440 510 0 0;
510, 2 4 500 520 0 0;
520, 2 4 510 530 0 0;
530, 2 4 520 540 0 0;
540, 2 4 530 600 0 0;
600, 2 4 540 610 0 0;
610, 2 4 600 620 0 0;
620, 2 4 610 630 0 0;
630, 2 4 620 640 0 0;
640, 2 4 630 650 0 0;
650, 2 4 640 700 0 0;
700, 2 4 650 710 0 0;
710, 2 4 700 720 0 0;
720, 2 4 710 730 0 0;
730, 2 4 720 740 0 0;
740, 2 4 730 800 0 0;
800, 2 4 740 810 0 0;
810, 2 4 800 820 0 0;
820, 2 4 810 830 0 0;
830, 2 4 820 840 0 0;
840, 2 4 830 911 0 0;
911, 2 4 840 912 0 0;
912, 2 4 911 913 0 0;
913, 2 4 912 914 0 0;
914, 2 4 913 915 0 0;
915, 2 4 914 916 0 0;
916, 2 4 915 921 0 0;
921, 2 4 916 922 0 0;
922, 2 4 921 923 0 0;
923, 2 4 922 924 0 0;
924, 2 4 923 925 0 0;
925, 2 4 924 931 0 0;
931, 2 4 925 932 0 0;
932, 2 4 931 933 0 0;
933, 2 4 932 934 0 0;
934, 2 4 933 935 0 0;
935, 2 4 934 940 0 0;
940, 2 4 935 950 0 0;
950, 2 4 940 960 0 0;
960, 2 4 950 970 0 0;
970, 2 4 960 980 0 0;
970, 2 4 980 980 0 0;
